{
  "accessors": [
    {
      "bufferView": 2,
      "componentType": 5126,
      "count": 1145,
      "max": [
        7.2731962203979492,
        1.0336270332336426,
        -0.68416798114776611
      ],
      "min": [
        3.5529758930206299,
        0.043533001095056534,
        -8.0823688507080078
      ],
      "type": "VEC3"
    },
    {
      "bufferView": 2,
      "byteOffset": 13740,
      "componentType": 5126,
      "count": 1145,
      "max": [
        0.9999316930770874,
        0.99986922740936279,
        0.99280625581741333
      ],
      "min": [
        -0.99717909097671509,
        -0.99999338388442993,
        -0.9984937310218811
      ],
      "type": "VEC3"
    },
    {
      "bufferView": 1,
      "componentType": 5126,
      "count": 1145,
      "max": [
        1,
        1
      ],
      "min": [
        0,
        0
      ],
      "type": "VEC2"
    },
    {
      "bufferView": 0,
      "componentType": 5125,
      "count": 6336,
      "max": [
        1144
      ],
      "min": [
        0
      ],
      "type": "SCALAR"
    },
    {
      "bufferView": 2,
      "byteOffset": 27480,
      "componentType": 5126,
      "count": 5863,
      "max": [
        5.0026040077209473,
        0.61868298053741455,
        16.756923675537109
      ],
      "min": [
        -5.3110260963439941,
        -0.035069998353719711,
        -1.051522970199585
      ],
      "type": "VEC3"
    },
    {
      "bufferView": 2,
      "byteOffset": 97836,
      "componentType": 5126,
      "count": 5863,
      "max": [
        0.99985909461975098,
        0.99998325109481812,
        0.99978548288345337
      ],
      "min": [
        -0.99985909461975098,
        -0.99967211484909058,
        -0.99978548288345337
      ],
      "type": "VEC3"
    },
    {
      "bufferView": 1,
      "byteOffset": 9160,
      "componentType": 5126,
      "count": 5863,
      "max": [
        0.99949997663497925,
        0.99949997663497925
      ],
      "min": [
        0.00050000002374872565,
        0.00050000002374872565
      ],
      "type": "VEC2"
    },
    {
      "bufferView": 0,
      "byteOffset": 25344,
      "componentType": 5125,
      "count": 29910,
      "max": [
        5862
      ],
      "min": [
        0
      ],
      "type": "SCALAR"
    },
    {
      "bufferView": 2,
      "byteOffset": 168192,
      "componentType": 5126,
      "count": 444,
      "max": [
        4.4773612022399902,
        0.38298299908638,
        6.5169320106506348
      ],
      "min": [
        -1.0024930238723755,
        0.3214389979839325,
        3.5747830867767334
      ],
      "type": "VEC3"
    },
    {
      "bufferView": 2,
      "byteOffset": 173520,
      "componentType": 5126,
      "count": 444,
      "max": [
        0.99997484683990479,
        0.99986934661865234,
        0.95974326133728027
      ],
      "min": [
        -0.83208256959915161,
        -0.99986910820007324,
        -0.99129384756088257
      ],
      "type": "VEC3"
    },
    {
      "bufferView": 0,
      "byteOffset": 144984,
      "componentType": 5125,
      "count": 2244,
      "max": [
        443
      ],
      "min": [
        0
      ],
      "type": "SCALAR"
    },
    {
      "bufferView": 2,
      "byteOffset": 178848,
      "componentType": 5126,
      "count": 9295,
      "max": [
        7.1711249351501465,
        1.0720759630203247,
        -0.65293902158737183
      ],
      "min": [
        3.6363399028778076,
        -0.0077849999070167542,
        -7.9346780776977539
      ],
      "type": "VEC3"
    },
    {
      "bufferView": 2,
      "byteOffset": 290388,
      "componentType": 5126,
      "count": 9295,
      "max": [
        0.99119126796722412,
        0.99986910820007324,
        0.98398357629776001
      ],
      "min": [
        -0.99915170669555664,
        -0.99999958276748657,
        -0.99031609296798706
      ],
      "type": "VEC3"
    },
    {
      "bufferView": 1,
      "byteOffset": 56064,
      "componentType": 5126,
      "count": 9295,
      "max": [
        0.59263300895690918,
        0.98250198364257812
      ],
      "min": [
        0.40737000107765198,
        0.01754399947822094
      ],
      "type": "VEC2"
    },
    {
      "bufferView": 0,
      "byteOffset": 153960,
      "componentType": 5125,
      "count": 40320,
      "max": [
        9294
      ],
      "min": [
        0
      ],
      "type": "SCALAR"
    },
    {
      "bufferView": 2,
      "byteOffset": 401928,
      "componentType": 5126,
      "count": 5148,
      "max": [
        4.8653469085693359,
        0.41152998805046082,
        16.61994743347168
      ],
      "min": [
        -5.1736059188842773,
        0.090375997126102448,
        4.171288013458252
      ],
      "type": "VEC3"
    },
    {
      "bufferView": 2,
      "byteOffset": 463704,
      "componentType": 5126,
      "count": 5148,
      "max": [
        0.95038610696792603,
        0.99986910820007324,
        0.95044857263565063
      ],
      "min": [
        -0.95038610696792603,
        -0.99986910820007324,
        -0.95044857263565063
      ],
      "type": "VEC3"
    },
    {
      "bufferView": 1,
      "byteOffset": 130424,
      "componentType": 5126,
      "count": 5148,
      "max": [
        0.99949997663497925,
        0.99949997663497925
      ],
      "min": [
        0.00050000002374872565,
        0.00050000002374872565
      ],
      "type": "VEC2"
    },
    {
      "bufferView": 0,
      "byteOffset": 315240,
      "componentType": 5125,
      "count": 10080,
      "max": [
        5147
      ],
      "min": [
        0
      ],
      "type": "SCALAR"
    }
  ],
  "asset": {
    "extras": {
      "author": "Ostrich33 (https://sketchfab.com/ostrich33)",
      "license": "CC-BY-4.0 (http://creativecommons.org/licenses/by/4.0/)",
      "source": "https://sketchfab.com/3d-models/racket-c220c53afa4c402da8399cc49e10c8de",
      "title": "racket"
    },
    "generator": "Sketchfab-9.69.0",
    "version": "2.0"
  },
  "bufferViews": [
    {
      "buffer": 0,
      "byteLength": 355560,
      "byteOffset": 0,
      "name": "floatBufferViews",
      "target": 34963
    },
    {
      "buffer": 0,
      "byteLength": 171608,
      "byteOffset": 355560,
      "byteStride": 8,
      "name": "floatBufferViews",
      "target": 34962
    },
    {
      "buffer": 0,
      "byteLength": 525480,
      "byteOffset": 527168,
      "byteStride": 12,
      "name": "floatBufferViews",
      "target": 34962
    }
  ],
  "buffers": [
    {
      "byteLength": 1052648,
      "uri": "scene.bin"
    }
  ],
  "materials": [
    {
      "doubleSided": true,
      "emissiveFactor": [
        0,
        0,
        0
      ],
      "name": "pla_wht",
      "pbrMetallicRoughness": {
        "baseColorFactor": [
          0.109950718016475,
          0.109950718016475,
          0.109950718016475,
          1
        ],
        "metallicFactor": 1,
        "roughnessFactor": 0.59999999999999998
      }
    },
    {
      "doubleSided": true,
      "emissiveFactor": [
        0,
        0,
        0
      ],
      "name": "plastic_navy",
      "pbrMetallicRoughness": {
        "baseColorFactor": [
          0.11637619958611937,
          0.45469609674881251,
          1,
          1
        ],
        "metallicFactor": 1,
        "roughnessFactor": 0.19536039323103926
      }
    },
    {
      "doubleSided": true,
      "emissiveFactor": [
        0,
        0,
        0
      ],
      "name": "suede",
      "pbrMetallicRoughness": {
        "baseColorFactor": [
          0.38574135897348971,
          0.38574135897348971,
          0.38574135897348971,
          1
        ],
        "metallicFactor": 0.57307631077013077,
        "roughnessFactor": 0.39036106354584343
      }
    },
    {
      "doubleSided": true,
      "emissiveFactor": [
        0,
        0,
        0
      ],
      "name": "racket_B",
      "pbrMetallicRoughness": {
        "baseColorFactor": [
          1,
          1,
          1,
          1
        ],
        "metallicFactor": 0,
        "roughnessFactor": 0.59999999999999998
      }
    }
  ],
  "meshes": [
    {
      "name": "arch_v27_tennisballetc:Arch27_002_02_pla_wht_0",
      "primitives": [
        {
          "attributes": {
            "NORMAL": 1,
            "POSITION": 0,
            "TEXCOORD_0": 2
          },
          "indices": 3,
          "material": 0,
          "mode": 4
        }
      ]
    },
    {
      "name": "arch_v27_tennisballetc:Arch27_002_03_plastic_navy_0",
      "primitives": [
        {
          "attributes": {
            "NORMAL": 5,
            "POSITION": 4,
            "TEXCOORD_0": 6
          },
          "indices": 7,
          "material": 1,
          "mode": 4
        }
      ]
    },
    {
      "name": "arch_v27_tennisballetc:Arch27_002_04_plastic_navy_0",
      "primitives": [
        {
          "attributes": {
            "NORMAL": 9,
            "POSITION": 8
          },
          "indices": 10,
          "material": 1,
          "mode": 4
        }
      ]
    },
    {
      "name": "arch_v27_tennisballetc:Arch27_002_12_suede_0",
      "primitives": [
        {
          "attributes": {
            "NORMAL": 12,
            "POSITION": 11,
            "TEXCOORD_0": 13
          },
          "indices": 14,
          "material": 2,
          "mode": 4
        }
      ]
    },
    {
      "name": "arch_v27_tennisballetc:Arch27_002_13_racket_B_0",
      "primitives": [
        {
          "attributes": {
            "NORMAL": 16,
            "POSITION": 15,
            "TEXCOORD_0": 17
          },
          "indices": 18,
          "material": 3,
          "mode": 4
        }
      ]
    }
  ],
  "nodes": [
    {
      "children": [
        1
      ],
      "name": "RootNode (gltf orientation matrix)",
      "rotation": [
        -0.70710678118654746,
        -0,
        -0,
        0.70710678118654757
      ]
    },
    {
      "children": [
        2
      ],
      "name": "RootNode (model correction matrix)"
    },
    {
      "children": [
        3
      ],
      "matrix": [
        1,
        0,
        0,
        0,
        0,
        0,
        1,
        0,
        0,
        -1,
        0,
        0,
        0,
        0,
        0,
        1
      ],
      "name": "dec8f573bb814246bd595c75c50fd076.fbx"
    },
    {
      "children": [
        4
      ],
      "name": "RootNode"
    },
    {
      "children": [
        5,
        7,
        9,
        11,
        13
      ],
      "matrix": [
        0.99563066865205607,
        0.0012591003114292717,
        -0.093370157469426354,
        0,
        -8.6736173798840355e-19,
        0.99990908924629518,
        0.013483814098559472,
        0,
        0.093378646592568018,
        -0.013424898846928787,
        0.99554015511755733,
        0,
        41.078022003173828,
        0.14836001396179199,
        -24.90290641784668,
        1
      ],
      "name": "group3"
    },
    {
      "children": [
        6
      ],
      "matrix": [
        -0.96953192284551926,
        1.1873341659839436e-16,
        0.24496499869056743,
        0,
        1.5246424006968917e-16,
        1,
        1.1873341659839439e-16,
        0,
        -0.24496499869056743,
        1.524642400696892e-16,
        -0.96953192284551926,
        0,
        7.1054273576010019e-15,
        0,
        -3.5527136788005009e-15,
        1
      ],
      "name": "arch_v27_tennisballetc:Arch27_002_02"
    },
    {
      "mesh": 0,
      "name": "arch_v27_tennisballetc:Arch27_002_02_pla_wht_0"
    },
    {
      "children": [
        8
      ],
      "matrix": [
        -0.96953192284551926,
        1.1873341659839436e-16,
        0.24496499869056743,
        0,
        1.5246424006968917e-16,
        1,
        1.1873341659839439e-16,
        0,
        -0.24496499869056743,
        1.524642400696892e-16,
        -0.96953192284551926,
        0,
        0,
        0,
        0,
        1
      ],
      "name": "arch_v27_tennisballetc:Arch27_002_03"
    },
    {
      "mesh": 1,
      "name": "arch_v27_tennisballetc:Arch27_002_03_plastic_navy_0"
    },
    {
      "children": [
        10
      ],
      "matrix": [
        -0.96953192284551926,
        1.1873341659839436e-16,
        0.24496499869056743,
        0,
        1.5246424006968917e-16,
        1,
        1.1873341659839439e-16,
        0,
        -0.24496499869056743,
        1.524642400696892e-16,
        -0.96953192284551926,
        0,
        0,
        0,
        0,
        1
      ],
      "name": "arch_v27_tennisballetc:Arch27_002_04"
    },
    {
      "mesh": 2,
      "name": "arch_v27_tennisballetc:Arch27_002_04_plastic_navy_0"
    },
    {
      "children": [
        12
      ],
      "matrix": [
        -0.96953192284551926,
        1.1873341659839436e-16,
        0.24496499869056743,
        0,
        1.5246424006968917e-16,
        1,
        1.1873341659839439e-16,
        0,
        -0.24496499869056743,
        1.524642400696892e-16,
        -0.96953192284551926,
        0,
        0,
        -2.7755575615628914e-17,
        -7.1054273576010019e-15,
        1
      ],
      "name": "arch_v27_tennisballetc:Arch27_002_12"
    },
    {
      "mesh": 3,
      "name": "arch_v27_tennisballetc:Arch27_002_12_suede_0"
    },
    {
      "children": [
        14
      ],
      "matrix": [
        -0.96953192284551926,
        1.1873341659839436e-16,
        0.24496499869056743,
        0,
        1.5246424006968917e-16,
        1,
        1.1873341659839439e-16,
        0,
        -0.24496499869056743,
        1.524642400696892e-16,
        -0.96953192284551926,
        0,
        0,
        2.7755575615628914e-17,
        7.1054273576010019e-15,
        1
      ],
      "name": "arch_v27_tennisballetc:Arch27_002_13"
    },
    {
      "mesh": 4,
      "name": "arch_v27_tennisballetc:Arch27_002_13_racket_B_0"
    }
  ],
  "scene": 0,
  "scenes": [
    {
      "name": "OSG_Scene",
      "nodes": [
        0
      ]
    }
  ]
}

